{
  "camera_angle_x": 0.6282882728075643,
  "camera_angle_y": 0.5308040769227714,
  "fl_x": 3767.278579882572,
  "fl_y": 3767.278579882572,
  "k1": -0.35709094111068057,
  "k2": 0,
  "k3": 0,
  "k4": 0,
  "p1": 0,
  "p2": 0,
  "is_fisheye": false,
  "cx": 1224.0,
  "cy": 1024.0,
  "w": 2448.0,
  "h": 2048.0,
  "aabb_scale": 32,
  "frames": [
    {
      "file_path": "./../../data/grapadora-frames/pos1_135_00200.png",
      "sharpness": 236.06876407460348,
      "transform_matrix": [
        [
          -0.2158104180101133,
          -0.2313041936874334,
          0.9486433647650485,
          3.489366250233743
        ],
        [
          0.843790752445345,
          -0.533081529128151,
          0.06197781369832854,
          0.3360791421711552
        ],
        [
          0.49136852726222435,
          0.8138319564389732,
          0.31021688726989993,
          1.0631295559205225
        ],
        [
          0.0,
          0.0,
          0.0,
          1.0
        ]
      ]
    },
    {
      "file_path": "./../../data/grapadora-frames/pos1_135_00199.png",
      "sharpness": 237.84622690578806,
      "transform_matrix": [
        [
          -0.1983740656425745,
          -0.27430879030957744,
          0.9409582443930113,
          3.541622590485793
        ],
        [
          0.864747279359384,
          -0.500894667663416,
          0.03628601311267396,
          0.3346017494127923
        ],
        [
          0.46136739474829375,
          0.82088928577676,
          0.3365722918076488,
          1.1782487752438158
        ],
        [
          0.0,
          0.0,
          0.0,
          1.0
        ]
      ]
    },
    {
      "file_path": "./../../data/grapadora-frames/pos1_135_00198.png",
      "sharpness": 239.9097541182036,
      "transform_matrix": [
        [
          -0.2115099713564601,
          -0.28458165574611705,
          0.935027707226601,
          3.603787346895953
        ],
        [
          0.8689312132320921,
          -0.4927350057523956,
          0.04659142386646284,
          0.29094427530420425
        ],
        [
          0.44746181815146135,
          0.8223293107734845,
          0.3515002503440855,
          1.3110111812119891
        ],
        [
          0.0,
          0.0,
          0.0,
          1.0
        ]
      ]
    },
    {
      "file_path": "./../../data/grapadora-frames/pos1_135_00197.png",
      "sharpness": 238.8052035859318,
      "transform_matrix": [
        [
          -0.2369740751405642,
          -0.30305606722801093,
          0.923038627512095,
          3.690535004478351
        ],
        [
          0.8564333934961876,
          -0.513711337060777,
          0.05121039621548126,
          0.2361169761812352
        ],
        [
          0.4586557862197309,
          0.8026566403689924,
          0.3812836050648945,
          1.4114687042144305
        ],
        [
          0.0,
          0.0,
          0.0,
          1.0
        ]
      ]
    },
    {
      "file_path": "./../../data/grapadora-frames/pos1_135_00196.png",
      "sharpness": 237.87143731424186,
      "transform_matrix": [
        [
          -0.2560888174846698,
          -0.32562838911398073,
          0.9101563985459772,
          3.7733640519239344
        ],
        [
          0.8583436833626868,
          -0.5096517211298773,
          0.05917131383908274,
          0.17156849545056524
        ],
        [
          0.44459491540914975,
          0.7963801073541366,
          0.4100171775127294,
          1.556431831840354
        ],
        [
          0.0,
          0.0,
          0.0,
          1.0
        ]
      ]
    },
    {
      "file_path": "./../../data/grapadora-frames/pos1_135_00195.png",
      "sharpness": 233.88082071193753,
      "transform_matrix": [
        [
          -0.27035900647147887,
          -0.32224412339324815,
          0.9072291511024756,
          3.8532068491064106
        ],
        [
          0.858134134410586,
          -0.5078684391455,
          0.07533562158781028,
          0.10895957891683827
        ],
        [
          0.43647659157886176,
          0.7988919660977654,
          0.4138354885225611,
          1.7572535976608188
        ],
        [
          0.0,
          0.0,
          0.0,
          1.0
        ]
      ]
    },
    {
      "file_path": "./../../data/grapadora-frames/pos1_135_00194.png",
      "sharpness": 233.17834889350058,
      "transform_matrix": [
        [
          -0.27748031090890957,
          -0.31916774889304833,
          0.9061658927460718,
          3.9333737535001645
        ],
        [
          0.8562533201042647,
          -0.5099097654941587,
          0.08259711172207534,
          0.08525396692002019
        ],
        [
          0.43570050365555213,
          0.7988266264698887,
          0.41477836492468523,
          1.9612937077442958
        ],
        [
          0.0,
          0.0,
          0.0,
          1.0
        ]
      ]
    },
    {
      "file_path": "./../../data/grapadora-frames/pos1_135_00193.png",
      "sharpness": 230.28457219187467,
      "transform_matrix": [
        [
          -0.2594260212184223,
          -0.31387417307776666,
          0.9133351756290641,
          4.051161880839259
        ],
        [
          0.8605908687497418,
          -0.5043044167939332,
          0.0711365716590922,
          0.11442760007927717
        ],
        [
          0.4382710304779149,
          0.8044625900029517,
          0.400946935618829,
          2.167123767071898
        ],
        [
          0.0,
          0.0,
          0.0,
          1.0
        ]
      ]
    },
    {
      "file_path": "./../../data/grapadora-frames/pos1_135_00192.png",
      "sharpness": 233.58831746909644,
      "transform_matrix": [
        [
          -0.2489248203134363,
          -0.33842705004984536,
          0.907470972361281,
          4.224586494254322
        ],
        [
          0.8694835928418936,
          -0.4908392307726109,
          0.055453866538027044,
          0.16009149717563947
        ],
        [
          0.42665526555596217,
          0.8028349652120773,
          0.41643883471508036,
          2.3739166480119223
        ],
        [
          0.0,
          0.0,
          0.0,
          1.0
        ]
      ]
    },
    {
      "file_path": "./../../data/grapadora-frames/pos1_135_00191.png",
      "sharpness": 238.96319971577054,
      "transform_matrix": [
        [
          -0.23602638839200174,
          -0.360704654122951,
          0.9023212823205029,
          4.430468484573001
        ],
        [
          0.8808349645026374,
          -0.47156593751034076,
          0.04189668113758478,
          0.18674027644941954
        ],
        [
          0.4103916535543687,
          0.8046848570172699,
          0.4290232763295798,
          2.5978683869562555
        ],
        [
          0.0,
          0.0,
          0.0,
          1.0
        ]
      ]
    },
    {
      "file_path": "./../../data/grapadora-frames/pos1_135_00190.png",
      "sharpness": 252.7465211237969,
      "transform_matrix": [
        [
          -0.2062404522140692,
          -0.4097501391372592,
          0.8885773457608399,
          4.593971132849953
        ],
        [
          0.9031511159103218,
          -0.4291627110163911,
          0.011723024512282396,
          0.2306020451403698
        ],
        [
          0.376540751729454,
          0.8049373832732643,
          0.4585770069996617,
          2.759407453001734
        ],
        [
          0.0,
          0.0,
          0.0,
          1.0
        ]
      ]
    },
    {
      "file_path": "./../../data/grapadora-frames/pos1_135_00189.png",
      "sharpness": 259.10567850751596,
      "transform_matrix": [
        [
          -0.1771348605166012,
          -0.44874420389817127,
          0.8759291527911417,
          4.714908490309954
        ],
        [
          0.9279929003398922,
          -0.3725840155959785,
          -0.0032137582118501595,
          0.26774568210702376
        ],
        [
          0.3277993564948049,
          0.812286766378326,
          0.4824290529194888,
          2.904269724676583
        ],
        [
          0.0,
          0.0,
          0.0,
          1.0
        ]
      ]
    },
    {
      "file_path": "./../../data/grapadora-frames/pos1_135_00188.png",
      "sharpness": 255.53932855289275,
      "transform_matrix": [
        [
          -0.16532027107341174,
          -0.4532426892800994,
          0.8759225266187662,
          4.815707804924948
        ],
        [
          0.9344256194699756,
          -0.35607103281778213,
          -0.007885509935568191,
          0.19381360018582897
        ],
        [
          0.3154646884510473,
          0.8171808149033466,
          0.4823873403676199,
          3.0954205500385785
        ],
        [
          0.0,
          0.0,
          0.0,
          1.0
        ]
      ]
    },
    {
      "file_path": "./../../data/grapadora-frames/pos1_135_00187.png",
      "sharpness": 248.15942522065328,
      "transform_matrix": [
        [
          -0.11060077717314304,
          -0.4796237785410038,
          0.8704760187383644,
          4.870348946194436
        ],
        [
          0.9606150438938729,
          -0.27624181494182737,
          -0.030152895766932156,
          0.10650130984759414
        ],
        [
          0.25492392108131096,
          0.8328574252430743,
          0.49128637649599716,
          3.2407744619288845
        ],
        [
          0.0,
          0.0,
          0.0,
          1.0
        ]
      ]
    },
    {
      "file_path": "./../../data/grapadora-frames/pos1_135_00186.png",
      "sharpness": 238.7157514522058,
      "transform_matrix": [
        [
          -0.07067179827295406,
          -0.4948406910873012,
          0.8661051826567923,
          4.920378372656659
        ],
        [
          0.9775160977199931,
          -0.2072850481566519,
          -0.038667654566643866,
          -0.07491530385442623
        ],
        [
          0.19866498340422206,
          0.8438990456825072,
          0.4983639484530497,
          3.360532262585126
        ],
        [
          0.0,
          0.0,
          0.0,
          1.0
        ]
      ]
    },
    {
      "file_path": "./../../data/grapadora-frames/pos1_135_00185.png",
      "sharpness": 240.1413533716732,
      "transform_matrix": [
        [
          -0.01719266576546173,
          -0.5212568552234873,
          0.8532266423279596,
          4.9910296475700955
        ],
        [
          0.9878058730810985,
          -0.14092108513646243,
          -0.06618764893214232,
          -0.2866206472617435
        ],
        [
          0.15473839004120113,
          0.841684346234932,
          0.5173233920896021,
          3.463016509077823
        ],
        [
          0.0,
          0.0,
          0.0,
          1.0
        ]
      ]
    },
    {
      "file_path": "./../../data/grapadora-frames/pos1_135_00184.png",
      "sharpness": 236.50207602915413,
      "transform_matrix": [
        [
          0.03839273099941766,
          -0.5459272884418677,
          0.8369524442838809,
          5.056414260725834
        ],
        [
          0.9945762607326059,
          -0.060146433789750854,
          -0.08485557194572815,
          -0.5144948571690537
        ],
        [
          0.09666467707680576,
          0.8356708695943907,
          0.5406571353173393,
          3.5675108502615855
        ],
        [
          0.0,
          0.0,
          0.0,
          1.0
        ]
      ]
    },
    {
      "file_path": "./../../data/grapadora-frames/pos1_135_00183.png",
      "sharpness": 232.56968784553047,
      "transform_matrix": [
        [
          0.0940440545672735,
          -0.5512178468959048,
          0.8290443903168496,
          5.120727740170629
        ],
        [
          0.9947758129378425,
          0.01881388946672838,
          -0.10033503654108906,
          -0.6973472035407772
        ],
        [
          0.0397089132879686,
          0.8341492209904817,
          0.5501075161993527,
          3.6706829287511624
        ],
        [
          0.0,
          0.0,
          0.0,
          1.0
        ]
      ]
    },
    {
      "file_path": "./../../data/grapadora-frames/pos1_135_00182.png",
      "sharpness": 233.09815907204808,
      "transform_matrix": [
        [
          0.16484541812334302,
          -0.5399442153648855,
          0.8254006496663211,
          5.15286045859286
        ],
        [
          0.9863069660975622,
          0.09444526002577305,
          -0.13519860016582996,
          -0.8944024990985472
        ],
        [
          -0.004955476898207755,
          0.836385280361373,
          0.5481196092971854,
          3.726434538809459
        ],
        [
          0.0,
          0.0,
          0.0,
          1.0
        ]
      ]
    },
    {
      "file_path": "./../../data/grapadora-frames/pos1_135_00181.png",
      "sharpness": 232.3977264368273,
      "transform_matrix": [
        [
          0.22109046411203176,
          -0.5338705107016116,
          0.816150283056848,
          5.194128825131148
        ],
        [
          0.9741072254111127,
          0.16144563304526285,
          -0.15827324781273497,
          -1.0377645795675752
        ],
        [
          -0.04726647946799581,
          0.8300105935624368,
          0.5557412118471986,
          3.7595515846999668
        ],
        [
          0.0,
          0.0,
          0.0,
          1.0
        ]
      ]
    },
    {
      "file_path": "./../../data/grapadora-frames/pos1_135_00180.png",
      "sharpness": 231.61108584134817,
      "transform_matrix": [
        [
          0.262566951783205,
          -0.534903619925904,
          0.8030795186488612,
          5.215199529527431
        ],
        [
          0.9623480601672784,
          0.20582150282187628,
          -0.17754920464235996,
          -1.2491189883380764
        ],
        [
          -0.07031932113561418,
          0.8194605703862803,
          0.5688053856195271,
          3.8125489468701046
        ],
        [
          0.0,
          0.0,
          0.0,
          1.0
        ]
      ]
    },
    {
      "file_path": "./../../data/grapadora-frames/pos1_135_00179.png",
      "sharpness": 235.0712350679326,
      "transform_matrix": [
        [
          0.32142758295509943,
          -0.5321261547647306,
          0.7832790463064815,
          5.206018085991146
        ],
        [
          0.9402743032826975,
          0.2772855186651324,
          -0.1974765194284121,
          -1.4698553821852676
        ],
        [
          -0.11210951567485938,
          0.7999715598720228,
          0.5894717634828925,
          3.920288066180571
        ],
        [
          0.0,
          0.0,
          0.0,
          1.0
        ]
      ]
    },
    {
      "file_path": "./../../data/grapadora-frames/pos1_135_00178.png",
      "sharpness": 232.25584105870527,
      "transform_matrix": [
        [
          0.3507095862454088,
          -0.5226593881077619,
          0.7770649587970369,
          5.161251999138081
        ],
        [
          0.9273698355437631,
          0.3093142524315743,
          -0.21049912438521923,
          -1.7090259440695599
        ],
        [
          -0.13033792327267918,
          0.7944506638645901,
          0.5931780242849845,
          3.9792864683408444
        ],
        [
          0.0,
          0.0,
          0.0,
          1.0
        ]
      ]
    },
    {
      "file_path": "./../../data/grapadora-frames/pos1_135_00177.png",
      "sharpness": 227.4761099670685,
      "transform_matrix": [
        [
          0.37279516824995007,
          -0.5007491748750662,
          0.7812003753476301,
          5.060498645174641
        ],
        [
          0.9107035531505793,
          0.35884087696119077,
          -0.20457825715688094,
          -1.9487571641828996
        ],
        [
          -0.17788423430346784,
          0.787707743348734,
          0.5898081978976505,
          4.047519494273493
        ],
        [
          0.0,
          0.0,
          0.0,
          1.0
        ]
      ]
    },
    {
      "file_path": "./../../data/grapadora-frames/pos1_135_00176.png",
      "sharpness": 220.38823905524418,
      "transform_matrix": [
        [
          0.40042128184799386,
          -0.4688488958946505,
          0.7873014098256289,
          4.952116329886491
        ],
        [
          0.8800402170962336,
          0.43616996689114934,
          -0.1878429564186564,
          -2.142997967215126
        ],
        [
          -0.25532726713852577,
          0.7680732210183926,
          0.5872576213746088,
          4.077388215361089
        ],
        [
          0.0,
          0.0,
          0.0,
          1.0
        ]
      ]
    },
    {
      "file_path": "./../../data/grapadora-frames/pos1_135_00175.png",
      "sharpness": 218.19927711868166,
      "transform_matrix": [
        [
          0.4547731413086869,
          -0.3927343213345573,
          0.7993379403243411,
          4.942949282356563
        ],
        [
          0.8277391222730207,
          0.5176158884429235,
          -0.21661425966645306,
          -2.549211717508439
        ],
        [
          -0.32867816388562854,
          0.7601536324443628,
          0.5604793660064322,
          3.86001634219201
        ],
        [
          0.0,
          0.0,
          0.0,
          1.0
        ]
      ]
    },
    {
      "file_path": "./../../data/grapadora-frames/pos1_135_00174.png",
      "sharpness": 213.04119500388165,
      "transform_matrix": [
        [
          0.4913118188385953,
          -0.35650933199422546,
          0.7946784210750841,
          4.874308572119446
        ],
        [
          0.7686488103154637,
          0.6065725650981114,
          -0.20309783275956755,
          -2.6042127042571366
        ],
        [
          -0.4096238556130424,
          0.7106129885580144,
          0.5720467441196677,
          3.757834505545586
        ],
        [
          0.0,
          0.0,
          0.0,
          1.0
        ]
      ]
    },
    {
      "file_path": "./../../data/grapadora-frames/pos1_135_00173.png",
      "sharpness": 206.0257887237724,
      "transform_matrix": [
        [
          0.47699296799253005,
          -0.39691155246493914,
          0.7841804180527562,
          4.7705351702901035
        ],
        [
          0.7423064563933583,
          0.6596528759017016,
          -0.11764016368597496,
          -2.193844880536276
        ],
        [
          -0.47059412799346934,
          0.6382157181295041,
          0.6092797911329964,
          3.8974835482700616
        ],
        [
          0.0,
          0.0,
          0.0,
          1.0
        ]
      ]
    },
    {
      "file_path": "./../../data/grapadora-frames/pos1_135_00172.png",
      "sharpness": 202.07565051078626,
      "transform_matrix": [
        [
          0.5151771695824855,
          -0.36550023541000176,
          0.7752432275796151,
          4.662372200682893
        ],
        [
          0.7130858816436374,
          0.6845985844066691,
          -0.15110692780152227,
          -2.479863387697732
        ],
        [
          -0.4755007984883233,
          0.630661839795962,
          0.6133226186231023,
          3.732281349033626
        ],
        [
          0.0,
          0.0,
          0.0,
          1.0
        ]
      ]
    },
    {
      "file_path": "./../../data/grapadora-frames/pos1_135_00171.png",
      "sharpness": 206.33093399014908,
      "transform_matrix": [
        [
          0.5187878348041082,
          -0.3633327553275899,
          0.7738530166751135,
          4.698877315953041
        ],
        [
          0.7030860985952405,
          0.6962821747949043,
          -0.14443362152115388,
          -2.4031524174670458
        ],
        [
          -0.4863425957529221,
          0.6190157041621385,
          0.6166769313096783,
          3.5633342473939824
        ],
        [
          0.0,
          0.0,
          0.0,
          1.0
        ]
      ]
    },
    {
      "file_path": "./../../data/grapadora-frames/pos1_135_00170.png",
      "sharpness": 218.31664950034448,
      "transform_matrix": [
        [
          0.5162873343266163,
          -0.3627281000909305,
          0.7758064925419142,
          4.745418958128228
        ],
        [
          0.7080043004392389,
          0.6904516729762169,
          -0.14834553530389955,
          -2.272043563568525
        ],
        [
          -0.4818477965036202,
          0.6258632540096627,
          0.6132845084767773,
          3.410581996319452
        ],
        [
          0.0,
          0.0,
          0.0,
          1.0
        ]
      ]
    },
    {
      "file_path": "./../../data/grapadora-frames/pos1_135_00169.png",
      "sharpness": 213.88870141578056,
      "transform_matrix": [
        [
          0.5206630006549582,
          -0.33121291362886707,
          0.7868977351894577,
          4.78387436496907
        ],
        [
          0.7206107755349749,
          0.6647647639825072,
          -0.19699725569377158,
          -2.3225756813666005
        ],
        [
          -0.4578538521763643,
          0.6696161694919015,
          0.584794011302114,
          3.200875005710089
        ],
        [
          0.0,
          0.0,
          0.0,
          1.0
        ]
      ]
    },
    {
      "file_path": "./../../data/grapadora-frames/pos1_135_00168.png",
      "sharpness": 219.49370323672056,
      "transform_matrix": [
        [
          0.5277545706518549,
          -0.3218165582277762,
          0.786072017094077,
          4.827392863749013
        ],
        [
          0.7202448607944941,
          0.6601102958426094,
          -0.21331136355669458,
          -2.230929683463137
        ],
        [
          -0.4502471029068783,
          0.6787403776153959,
          0.5801629479474131,
          3.0790547883388615
        ],
        [
          0.0,
          0.0,
          0.0,
          1.0
        ]
      ]
    },
    {
      "file_path": "./../../data/grapadora-frames/pos1_135_00167.png",
      "sharpness": 234.63308308081463,
      "transform_matrix": [
        [
          0.4871585516325448,
          -0.32835314771098234,
          0.8092346730160649,
          4.910885426936142
        ],
        [
          0.7717099674982862,
          0.5956397826380748,
          -0.2228833223984569,
          -2.042647533206706
        ],
        [
          -0.4088279242566675,
          0.7330739797343955,
          0.5435644107526906,
          2.973506227661256
        ],
        [
          0.0,
          0.0,
          0.0,
          1.0
        ]
      ]
    },
    {
      "file_path": "./../../data/grapadora-frames/pos1_135_00166.png",
      "sharpness": 241.72167410171292,
      "transform_matrix": [
        [
          0.473866665747117,
          -0.3425778642236083,
          0.8112279519897889,
          4.953622164540242
        ],
        [
          0.8126261194667503,
          0.5250188679840647,
          -0.25297031094943867,
          -1.9196972776266905
        ],
        [
          -0.3392479521936693,
          0.7790992204110434,
          0.5271766608451727,
          2.8220769954537706
        ],
        [
          0.0,
          0.0,
          0.0,
          1.0
        ]
      ]
    },
    {
      "file_path": "./../../data/grapadora-frames/pos1_135_00165.png",
      "sharpness": 244.1442816294698,
      "transform_matrix": [
        [
          0.4261164134877755,
          -0.3700465753975194,
          0.8255242784102292,
          4.955544540468678
        ],
        [
          0.8574666036183526,
          0.4561089180545615,
          -0.23815053758288746,
          -1.7284968711952253
        ],
        [
          -0.2884021945918366,
          0.8093393521579162,
          0.5116580765079128,
          2.7257824714309202
        ],
        [
          0.0,
          0.0,
          0.0,
          1.0
        ]
      ]
    },
    {
      "file_path": "./../../data/grapadora-frames/pos1_135_00164.png",
      "sharpness": 238.98586532778532,
      "transform_matrix": [
        [
          0.3781022197497025,
          -0.38572431171338184,
          0.841579150659896,
          4.963955166805614
        ],
        [
          0.8959551857087242,
          0.381292277130171,
          -0.22777292333209415,
          -1.5297616999277928
        ],
        [
          -0.2330300766611701,
          0.8401386521288209,
          0.4897591536898693,
          2.6437943268799957
        ],
        [
          0.0,
          0.0,
          0.0,
          1.0
        ]
      ]
    },
    {
      "file_path": "./../../data/grapadora-frames/pos1_135_00163.png",
      "sharpness": 235.51542487383162,
      "transform_matrix": [
        [
          0.30253759270209796,
          -0.41070364175894974,
          0.8601125064198302,
          4.949100603418483
        ],
        [
          0.9375534703219416,
          0.2907460454807324,
          -0.19094561352729195,
          -1.3124076221261682
        ],
        [
          -0.17165225105653087,
          0.8641696915147868,
          0.47301823329235826,
          2.5565939374637083
        ],
        [
          0.0,
          0.0,
          0.0,
          1.0
        ]
      ]
    },
    {
      "file_path": "./../../data/grapadora-frames/pos1_135_00162.png",
      "sharpness": 229.41602015353413,
      "transform_matrix": [
        [
          0.21409205270638282,
          -0.43646611518892964,
          0.8738775219169435,
          4.935430500536142
        ],
        [
          0.9719345381202286,
          0.18448765956948776,
          -0.14597108301408487,
          -1.0590736225445552
        ],
        [
          -0.09750818723576227,
          0.8806029944362535,
          0.46371383380751074,
          2.444922214955542
        ],
        [
          0.0,
          0.0,
          0.0,
          1.0
        ]
      ]
    },
    {
      "file_path": "./../../data/grapadora-frames/pos1_135_00161.png",
      "sharpness": 233.69279299626828,
      "transform_matrix": [
        [
          0.15804956655410585,
          -0.45964073542243455,
          0.8739283316749888,
          4.946486179606675
        ],
        [
          0.9870801371109285,
          0.09714237758369909,
          -0.1274211968205087,
          -0.7927580371134624
        ],
        [
          -0.026327503361678568,
          0.8827761623821595,
          0.4690555508136835,
          2.3271021661465907
        ],
        [
          0.0,
          0.0,
          0.0,
          1.0
        ]
      ]
    },
    {
      "file_path": "./../../data/grapadora-frames/pos1_135_00160.png",
      "sharpness": 237.11515510873565,
      "transform_matrix": [
        [
          0.12256756897518875,
          -0.4491233436636217,
          0.8850228320578893,
          4.980513059244328
        ],
        [
          0.9921134602661427,
          0.031877546114677136,
          -0.12122171428073887,
          -0.549257498043006
        ],
        [
          0.02623114550093406,
          0.8929009151538893,
          0.44948846790058605,
          2.2896242836247547
        ],
        [
          0.0,
          0.0,
          0.0,
          1.0
        ]
      ]
    },
    {
      "file_path": "./../../data/grapadora-frames/pos1_135_00159.png",
      "sharpness": 252.8160976371461,
      "transform_matrix": [
        [
          0.0666553674372926,
          -0.4395797232062857,
          0.8957269276903151,
          4.984992093287957
        ],
        [
          0.9901638052137501,
          -0.08153801092902295,
          -0.11369780833014663,
          -0.2994372232360995
        ],
        [
          0.12301504313436024,
          0.8944949523453251,
          0.4298209853461628,
          2.323550597277187
        ],
        [
          0.0,
          0.0,
          0.0,
          1.0
        ]
      ]
    },
    {
      "file_path": "./../../data/grapadora-frames/pos1_135_00158.png",
      "sharpness": 250.7851075561158,
      "transform_matrix": [
        [
          0.013496679125803733,
          -0.4206960815894108,
          0.9071012328509632,
          4.935513540778738
        ],
        [
          0.9768929218483966,
          -0.1879746219159955,
          -0.1017141128789639,
          -0.057498271954136655
        ],
        [
          0.21330274001521632,
          0.8875135765161535,
          0.40843799119825647,
          2.3477947741972707
        ],
        [
          0.0,
          0.0,
          0.0,
          1.0
        ]
      ]
    },
    {
      "file_path": "./../../data/grapadora-frames/pos1_135_00157.png",
      "sharpness": 267.34810390896894,
      "transform_matrix": [
        [
          -0.04326310081094435,
          -0.40485132838772564,
          0.913358476208965,
          4.854775882642038
        ],
        [
          0.9484683707563631,
          -0.3038886911181261,
          -0.08977423397610149,
          0.20871909661882634
        ],
        [
          0.3139045297370036,
          0.8624077141116981,
          0.39713584691360493,
          2.341021775730236
        ],
        [
          0.0,
          0.0,
          0.0,
          1.0
        ]
      ]
    },
    {
      "file_path": "./../../data/grapadora-frames/pos1_135_00156.png",
      "sharpness": 270.5795954623966,
      "transform_matrix": [
        [
          -0.11177917983180655,
          -0.3921354524985098,
          0.9130910151248691,
          4.743680317361461
        ],
        [
          0.9197509403486747,
          -0.3887219360360527,
          -0.05434578339508006,
          0.4905728876972101
        ],
        [
          0.3762494155394796,
          0.8337415926898054,
          0.40411797037229946,
          2.3337666160049872
        ],
        [
          0.0,
          0.0,
          0.0,
          1.0
        ]
      ]
    },
    {
      "file_path": "./../../data/grapadora-frames/pos1_135_00155.png",
      "sharpness": 267.72734818295,
      "transform_matrix": [
        [
          -0.15930027247683223,
          -0.37486314431685325,
          0.9132913260693629,
          4.644404433498957
        ],
        [
          0.8921237100504209,
          -0.4508311837072168,
          -0.0294368776152628,
          0.7461307688778835
        ],
        [
          0.42277501010311236,
          0.8100795435448903,
          0.4062418294747299,
          2.3264609999950365
        ],
        [
          0.0,
          0.0,
          0.0,
          1.0
        ]
      ]
    },
    {
      "file_path": "./../../data/grapadora-frames/pos1_135_00154.png",
      "sharpness": 268.93151900724354,
      "transform_matrix": [
        [
          -0.20758816720744516,
          -0.3600801113372667,
          0.9095325537366115,
          4.539412740579626
        ],
        [
          0.8603019168126856,
          -0.5097556477783382,
          -0.00545815785956795,
          0.9305538071368168
        ],
        [
          0.46560473019526194,
          0.7813395503967469,
          0.4155968506355249,
          2.3012779993845336
        ],
        [
          0.0,
          0.0,
          0.0,
          1.0
        ]
      ]
    },
    {
      "file_path": "./../../data/grapadora-frames/pos1_135_00153.png",
      "sharpness": 265.7017627357318,
      "transform_matrix": [
        [
          -0.2689802129485151,
          -0.3134075838962097,
          0.9107279129632285,
          4.422640688095083
        ],
        [
          0.8215973773155821,
          -0.5681148762376501,
          0.047151214049592036,
          1.0995882339487064
        ],
        [
          0.5026205274862223,
          0.7609344083345229,
          0.4103065093495614,
          2.301638576787747
        ],
        [
          0.0,
          0.0,
          0.0,
          1.0
        ]
      ]
    },
    {
      "file_path": "./../../data/grapadora-frames/pos1_135_00152.png",
      "sharpness": 256.852808494315,
      "transform_matrix": [
        [
          -0.34232623944811524,
          -0.25207821805802727,
          0.9051349721548977,
          4.307846924072694
        ],
        [
          0.7544100362174582,
          -0.6479733242524306,
          0.10486213955637941,
          1.2177775476491617
        ],
        [
          0.5600698555232161,
          0.7187399690198831,
          0.4119886089688175,
          2.314702592284134
        ],
        [
          0.0,
          0.0,
          0.0,
          1.0
        ]
      ]
    },
    {
      "file_path": "./../../data/grapadora-frames/pos1_135_00151.png",
      "sharpness": 256.0437700705117,
      "transform_matrix": [
        [
          -0.41138908090140613,
          -0.17372074506368315,
          0.8947514330256542,
          4.213137291773871
        ],
        [
          0.6628944618324286,
          -0.7307762743439009,
          0.16290171677627008,
          1.3100688824000377
        ],
        [
          0.625563711079827,
          0.6601417572111864,
          0.41579189965501007,
          2.341034160220938
        ],
        [
          0.0,
          0.0,
          0.0,
          1.0
        ]
      ]
    },
    {
      "file_path": "./../../data/grapadora-frames/pos1_135_00150.png",
      "sharpness": 251.17935914630547,
      "transform_matrix": [
        [
          -0.4482231276975924,
          -0.11955160153936595,
          0.8858913265283768,
          4.124242414174068
        ],
        [
          0.5890182270381319,
          -0.7849585783529976,
          0.1920873720149503,
          1.4306011230132945
        ],
        [
          0.6724236432870906,
          0.6079041411759554,
          0.4222546614807229,
          2.424498648249748
        ],
        [
          0.0,
          0.0,
          0.0,
          1.0
        ]
      ]
    },
    {
      "file_path": "./../../data/grapadora-frames/pos1_135_00149.png",
      "sharpness": 262.86663704559106,
      "transform_matrix": [
        [
          -0.48538225532097645,
          -0.04768342479661597,
          0.8730007773599253,
          4.0848472605739365
        ],
        [
          0.4922873884174841,
          -0.8400892996361669,
          0.22782250951699512,
          1.5574352876744324
        ],
        [
          0.7225352541345988,
          0.540348276255195,
          0.4312383875923499,
          2.5732580393820403
        ],
        [
          0.0,
          0.0,
          0.0,
          1.0
        ]
      ]
    },
    {
      "file_path": "./../../data/grapadora-frames/pos1_135_00148.png",
      "sharpness": 262.1979045337874,
      "transform_matrix": [
        [
          -0.5097732657335652,
          0.021902592290649087,
          0.860029937877823,
          4.054148690956798
        ],
        [
          0.3910173271795485,
          -0.8845551298356183,
          0.25429839190912706,
          1.6602194085760624
        ],
        [
          0.7663136873601897,
          0.4659211293176893,
          0.442358264161888,
          2.71123377321601
        ],
        [
          0.0,
          0.0,
          0.0,
          1.0
        ]
      ]
    },
    {
      "file_path": "./../../data/grapadora-frames/pos1_135_00147.png",
      "sharpness": 261.4670983764026,
      "transform_matrix": [
        [
          -0.5172537862612658,
          0.07218888646938892,
          0.8527820854828863,
          4.008053784565795
        ],
        [
          0.3262129440401692,
          -0.9045822204116641,
          0.2744378283991881,
          1.736691267507998
        ],
        [
          0.7912228736506135,
          0.4201425605628873,
          0.44434962931039546,
          2.7844698027207055
        ],
        [
          0.0,
          0.0,
          0.0,
          1.0
        ]
      ]
    },
    {
      "file_path": "./../../data/grapadora-frames/pos1_135_00146.png",
      "sharpness": 261.54032449917503,
      "transform_matrix": [
        [
          -0.521334477558595,
          0.12514309719323102,
          0.8441265117181421,
          3.9576809266209665
        ],
        [
          0.2725030520247494,
          -0.9129835177379753,
          0.30364977025629736,
          1.784405779264351
        ],
        [
          0.8086732647962016,
          0.3883301450755534,
          0.44186790931455044,
          2.8132268187683773
        ],
        [
          0.0,
          0.0,
          0.0,
          1.0
        ]
      ]
    },
    {
      "file_path": "./../../data/grapadora-frames/pos1_135_00145.png",
      "sharpness": 266.24209784261603,
      "transform_matrix": [
        [
          -0.5279803256982923,
          0.1430639877080444,
          0.8371197471977612,
          3.8968607438254708
        ],
        [
          0.2701998709270514,
          -0.9061903656074051,
          0.32528610642330846,
          1.8324153364665514
        ],
        [
          0.8051265773012597,
          0.3979343120578287,
          0.4397948133650295,
          2.8029226506180676
        ],
        [
          0.0,
          0.0,
          0.0,
          1.0
        ]
      ]
    },
    {
      "file_path": "./../../data/grapadora-frames/pos1_135_00144.png",
      "sharpness": 265.714162027285,
      "transform_matrix": [
        [
          -0.5169870640427291,
          0.15335373584426404,
          0.8421442912986665,
          3.8307140266930926
        ],
        [
          0.27207459533849776,
          -0.903363463959567,
          0.3315265699081718,
          1.8919072662288736
        ],
        [
          0.8116032221683909,
          0.40052101530069306,
          0.4253035693724514,
          2.736076522894982
        ],
        [
          0.0,
          0.0,
          0.0,
          1.0
        ]
      ]
    },
    {
      "file_path": "./../../data/grapadora-frames/pos1_135_00143.png",
      "sharpness": 265.38663627306937,
      "transform_matrix": [
        [
          -0.512059760435415,
          0.16886719269704753,
          0.8421868397364627,
          3.7856536333410524
        ],
        [
          0.27746052323621345,
          -0.8954030859167202,
          0.34823694774824593,
          1.9593928864596066
        ],
        [
          0.8129024909781137,
          0.41199172925465877,
          0.411645910024494,
          2.66247339150862
        ],
        [
          0.0,
          0.0,
          0.0,
          1.0
        ]
      ]
    },
    {
      "file_path": "./../../data/grapadora-frames/pos1_135_00142.png",
      "sharpness": 267.28925629013406,
      "transform_matrix": [
        [
          -0.5121195378761862,
          0.16541353418528842,
          0.8428356552054858,
          3.745840468820456
        ],
        [
          0.28943364866314225,
          -0.8906537035467481,
          0.35066243508638856,
          2.0079281594081357
        ],
        [
          0.8086790104836749,
          0.4235260831164933,
          0.408244920330561,
          2.562516778141125
        ],
        [
          0.0,
          0.0,
          0.0,
          1.0
        ]
      ]
    },
    {
      "file_path": "./../../data/grapadora-frames/pos1_135_00141.png",
      "sharpness": 263.77030217543063,
      "transform_matrix": [
        [
          -0.5008925608295092,
          0.14803453424031576,
          0.8527557793587538,
          3.6954194153034936
        ],
        [
          0.33255995912336783,
          -0.8767125394485312,
          0.3475327276132203,
          2.0642128814192264
        ],
        [
          0.7990685303165143,
          0.45766898503201303,
          0.3899084303399108,
          2.455126602541033
        ],
        [
